function h = hypnomap
%%
% Authors:  Dan Denis
% Date:     2021-07-14
%%
h = [0.5 0.2 0
    0.5 0.2 0.5
    1 0 0
    0.1 0.9 1
    0.1 0.6 1
    0.1 0.1 1
    0.1 0 0.6];
